# Created by Octave 3.6.4, Thu Dec 11 21:29:09 2014 Eastern Standard Time <unknown@Shamir>
# name: params
# type: matrix
# rows: 22
# columns: 1
 0.8414709848078965
 0.9092974268256817
 0.1411200080598672
 -0.7568024953079282
 -0.9589242746631385
 -0.2794154981989259
 0.6569865987187891
 0.9893582466233818
 0.4121184852417566
 -0.5440211108893698
 -0.9999902065507035
 -0.5365729180004349
 0.5403023058681398
 -0.4161468365471424
 -0.9899924966004454
 -0.6536436208636119
 0.2836621854632263
 0.960170286650366
 0.7539022543433046
 -0.1455000338086135
 -0.9111302618846769
 -0.8390715290764524


# name: Y
# type: matrix
# rows: 6
# columns: 5
 0.8414709848078965 0.6569865987187891 0.4201670368266409 0.1498772096629523 -0.132351750097773
 0.9092974268256817 0.9893582466233818 0.9906073556948704 0.9129452507276277 0.7625584504796027
 0.1411200080598672 0.4121184852417566 0.6502878401571168 0.8366556385360561 0.956375928404503
 -0.7568024953079282 -0.5440211108893698 -0.2879033166650653 -0.008851309290403876 0.270905788307869
 -0.9589242746631385 -0.9999902065507035 -0.9613974918795568 -0.8462204041751706 -0.6636338842129675
 -0.2794154981989259 -0.5365729180004349 -0.7509872467716761 -0.9055783620066239 -0.9880316240928618


# name: R
# type: bool matrix
# rows: 6
# columns: 5
 1 1 0 0 0
 1 1 1 1 1
 0 0 1 1 1
 0 0 0 0 0
 0 0 0 0 0
 0 0 0 0 0


